image: MansveldR1.png
resolution: 0.10000
origin: [-61.1265191, -41.419250, -0.000000]
negate: 0
occupied_thresh: 0.65
free_thresh: 0.196
