image: willow_full.pgm
resolution: 0.050000
#origin: [-61.1265191, -41.419250, 0.000000]
origin: [-51.1265191, -65.94925, 0.000000]
negate: 0
occupied_thresh: 0.65
free_thresh: 0.196
